Slide_ID	Position_ID	Cell_ID	Cell_Center_X	Cell_Center_Y	Cell_Area	Marker_States
NA	NA	1.0	1710.0453	1273.5245	443	10101010101020
NA	NA	2.0	1721.0	1281.884	443	00201100112011
NA	NA	3.0	1272.8341	614.1024	443	21222120221222
NA	NA	4.0	898.86035	1305.2513	443	12222112211121
NA	NA	5.0	1521.2413	909.7069	443	12111111121112
NA	NA	6.0	796.5687	1751.5813	443	11111201101111
NA	NA	7.0	1888.4894	945.9489	443	10102020101010
NA	NA	8.0	1573.6382	1293.1508	443	12101122211112
NA	NA	9.0	1468.1072	1636.5153	443	02210212021010
NA	NA	10.0	977.32745	854.69025	443	10121011101111
NA	NA	11.0	1698.2528	1548.0449	443	21202221212021
NA	NA	12.0	469.77713	1427.2628	443	12221212122220
NA	NA	13.0	715.2064	847.76605	443	01121001112221
NA	NA	14.0	1038.1975	393.31848	443	00210110101222
NA	NA	15.0	748.35486	967.22046	443	00120001012121
NA	NA	16.0	564.8057	724.4628	443	10001000101120
NA	NA	17.0	1964.3977	1148.4152	443	00100020101011
NA	NA	18.0	840.2518	1150.3741	443	10111022101112
NA	NA	19.0	880.55975	1697.3207	443	02001212111112
NA	NA	20.0	1502.2809	1859.7697	443	10201101111020
NA	NA	21.0	1666.691	791.5854	443	11222210111112
NA	NA	22.0	769.56964	780.60126	443	11212001202120
NA	NA	23.0	1334.2988	700.2683	443	12122210122121
NA	NA	24.0	1752.75	1761.5781	443	02210211121112
NA	NA	25.0	827.7217	809.59796	443	00221011101011
NA	NA	26.0	880.7853	667.12885	443	00120011101212
NA	NA	27.0	683.6789	1647.945	443	00211122122212
NA	NA	28.0	1018.3681	928.02454	443	10222102212221
NA	NA	29.0	1601.2264	636.5032	443	11212110211211
NA	NA	30.0	512.8585	1460.4529	443	21212220222110
NA	NA	31.0	726.1927	1480.1284	443	22111202021222
NA	NA	32.0	767.131	567.5417	443	02210010101121
NA	NA	33.0	663.4844	919.3828	443	20122020202010
NA	NA	34.0	781.7607	1502.5214	443	02000212122211
NA	NA	35.0	1586.8588	2003.9353	443	10201011102020
NA	NA	36.0	1076.4902	688.9739	443	00120011111111
NA	NA	37.0	1058.7279	1783.8038	443	11001112011212
NA	NA	38.0	1185.5496	1878.168	443	12201102201111
NA	NA	39.0	1059.3822	781.12103	443	10021210222020
NA	NA	40.0	1532.9021	2002.8951	443	21202201212222
NA	NA	41.0	341.17218	1397.3708	443	10201020200000
NA	NA	42.0	1203.4551	1220.1556	443	22212122221110
NA	NA	43.0	1272.0	1257.0952	443	12221102121211
NA	NA	44.0	1824.19	950.0	443	10222010212122
NA	NA	45.0	1484.3864	1099.0227	443	22212202222222
NA	NA	46.0	1502.3896	615.5809	443	11121220112021
NA	NA	47.0	1153.1517	1829.4822	443	01211202102222
NA	NA	48.0	1271.3226	461.63226	443	10222010211111
NA	NA	49.0	570.5548	1484.1226	443	01110111121110
NA	NA	50.0	791.7182	1901.4182	443	10112011011011
NA	NA	51.0	1642.2743	1643.0708	443	02201101202020
NA	NA	52.0	1198.7478	536.97296	443	10222201122222
NA	NA	53.0	1651.2703	698.9099	443	01210110102211
NA	NA	54.0	793.15173	874.469	443	20222021201020
NA	NA	55.0	1592.9357	1109.3857	443	12221221222021
NA	NA	56.0	1081.478	1111.6593	443	00221122111121
NA	NA	57.0	855.7246	1030.674	443	00201022201111
NA	NA	58.0	1185.225	1162.8917	443	11111122122111
NA	NA	59.0	1138.8	1672.2897	443	12211202112011
NA	NA	60.0	798.1938	621.1395	443	12111020202221
NA	NA	61.0	1124.2333	1768.05	443	12111222122212
NA	NA	62.0	867.6	1472.1058	443	21112222211110
NA	NA	63.0	1051.1691	1408.3662	443	22202102222221
NA	NA	64.0	1575.8182	570.06995	443	21222120212122
NA	NA	65.0	1385.6755	1275.351	443	02020102121011
NA	NA	66.0	1912.3241	1198.3611	443	10101120212122
NA	NA	67.0	819.95874	1569.9381	443	11112112211211
NA	NA	68.0	659.05646	1835.3468	443	01110222121012
NA	NA	69.0	1239.5809	1442.5905	443	11111012221112
NA	NA	70.0	1634.6554	1412.4392	443	21202001212020
NA	NA	71.0	1364.2086	417.58273	443	12112210111222
NA	NA	72.0	1725.5215	1618.8785	443	20201020202020
NA	NA	73.0	900.9554	1436.1161	443	12211222221121
NA	NA	74.0	1370.9857	984.4429	443	20121121222022
NA	NA	75.0	918.0721	1601.0631	443	22202112211121
NA	NA	76.0	1664.238	1038.9445	443	02221211222011
NA	NA	77.0	1277.8679	829.98114	443	10221000122120
NA	NA	78.0	1146.4412	674.2647	443	21222210201212
NA	NA	79.0	989.3333	687.44165	443	12111011111210
NA	NA	80.0	1653.9117	1726.9608	443	11211221201012
NA	NA	81.0	1355.6511	1227.845	443	12112222121110
NA	NA	82.0	1604.5135	1554.4955	443	12102202012122
NA	NA	83.0	1113.464	386.928	443	22101220201212
NA	NA	84.0	1598.5968	1455.5403	443	22201122222021
NA	NA	85.0	484.14655	814.11206	443	22212000122222
NA	NA	86.0	1400.3544	659.77167	443	12222220212221
NA	NA	87.0	1262.3412	1016.28235	443	11212112222222
NA	NA	88.0	1818.3667	1235.7333	443	11111221120102
NA	NA	89.0	1454.2522	1419.3739	443	11201122201010
NA	NA	90.0	1345.6638	1134.8707	443	11212212221110
NA	NA	91.0	596.36975	1647.1681	443	21212201222021
NA	NA	92.0	1008.0909	548.6	443	02120110121211
NA	NA	93.0	600.8264	1594.6364	443	10212021211110
NA	NA	94.0	1472.3019	1289.934	443	12212102222121
NA	NA	95.0	1205.0763	483.38983	443	21122220221222
NA	NA	96.0	1597.0957	1714.7128	443	01110211111011
NA	NA	97.0	682.30695	1714.0594	443	10111021101010
NA	NA	98.0	1519.1119	1456.9254	443	11202112212120
NA	NA	99.0	1551.304	1184.832	443	10021221211021
NA	NA	100.0	1079.598	1945.1177	443	11101212122112
NA	NA	101.0	550.53174	1768.4207	443	11201111211020
NA	NA	102.0	1514.3949	1260.7899	443	01111111021112
NA	NA	103.0	696.2233	1756.6893	443	00211121102021
NA	NA	104.0	1097.916	1008.38934	443	00210112101222
NA	NA	105.0	625.71027	955.4112	443	10222011201021
NA	NA	106.0	1451.194	964.1269	443	20121121221011
NA	NA	107.0	1485.5546	1371.3278	443	02201112202120
NA	NA	108.0	1176.3918	1020.7568	443	20222122212221
NA	NA	109.0	1423.4814	1301.4938	443	02211012121212
NA	NA	110.0	1318.2446	1010.383	443	21222201211111
NA	NA	111.0	1255.9539	546.4231	443	11222200212020
NA	NA	112.0	1190.3097	432.55753	443	02211211220212
NA	NA	113.0	1281.1825	1138.2222	443	11222111211010
NA	NA	114.0	589.4545	1535.4142	443	02221002021110
NA	NA	115.0	1057.3661	529.4554	443	20122100201212
NA	NA	116.0	1192.6986	392.49316	443	22202200122222
NA	NA	117.0	1469.4517	663.50806	443	12221210212222
NA	NA	118.0	911.72174	770.5565	443	10222001111121
NA	NA	119.0	1658.7273	743.0364	443	11222110212111
NA	NA	120.0	1142.4407	744.88135	443	11222222221211
NA	NA	121.0	677.67523	1177.6837	443	10212111212020
NA	NA	122.0	1185.5361	742.29895	443	21122212122212
NA	NA	123.0	838.8785	1658.6636	443	21212001112020
NA	NA	124.0	1404.1057	563.2789	443	22111120110212
NA	NA	125.0	1600.5245	1603.7458	443	22101122102020
NA	NA	126.0	822.28973	1620.6074	443	11201101202121
NA	NA	127.0	1284.9479	680.3542	443	10222020211120
NA	NA	128.0	1547.7826	1761.174	443	11222102111012
NA	NA	129.0	1048.57	588.0323	443	01120101000202
NA	NA	130.0	1849.5614	1150.6725	443	00100010101010
NA	NA	131.0	650.5686	1563.3007	443	20110101012221
NA	NA	132.0	734.6949	524.0085	443	02202000002222
NA	NA	133.0	1094.8103	433.3362	443	11221200102222
NA	NA	134.0	1200.7264	634.6321	443	21222200112221
NA	NA	135.0	1404.3805	518.48914	443	02111220111212
NA	NA	136.0	1489.874	1798.5186	443	00111102110011
NA	NA	137.0	1783.2435	1270.4869	443	00201010211010
NA	NA	138.0	1162.5923	1064.903	443	20122002012221
NA	NA	139.0	804.50616	708.6049	443	12101120101110
NA	NA	140.0	1118.3793	1716.3219	443	22102002102222
NA	NA	141.0	1626.4653	586.9604	443	22211220212122
NA	NA	142.0	1103.1177	1484.2255	443	02110012021111
NA	NA	143.0	818.85565	1815.9794	443	10010001000001
NA	NA	144.0	1828.4274	1685.0887	443	12102010200010
NA	NA	145.0	1555.5568	1804.2954	443	21102201111010
NA	NA	146.0	1775.0099	987.0792	443	21202120212121
NA	NA	147.0	675.8182	1518.6364	443	12212222212222
NA	NA	148.0	1197.2314	1493.2479	443	11212212221112
NA	NA	149.0	1396.0886	1048.3925	443	21222221221000
NA	NA	150.0	1039.3877	1333.0	443	12111112221110
NA	NA	151.0	977.9677	1722.828	443	12101102111111
NA	NA	152.0	1640.784	929.3182	443	11202000112011
NA	NA	153.0	1201.8354	590.1772	443	11221211212212
NA	NA	154.0	1208.4928	899.4786	443	21222211222220
NA	NA	155.0	1070.079	633.1579	443	02020212020202
NA	NA	156.0	1395.4537	1816.8889	443	10101000101010
NA	NA	157.0	1776.9386	920.0789	443	01211110212010
NA	NA	158.0	945.2895	799.2281	443	10121112122222
NA	NA	159.0	1783.5294	1813.6824	443	11101111112122
NA	NA	160.0	812.0106	1694.6277	443	11212211202110
NA	NA	161.0	1109.258	751.5161	443	01220212122222
NA	NA	162.0	902.2261	867.26086	443	21020021111212
NA	NA	163.0	1058.4579	1590.243	443	22002002100211
NA	NA	164.0	1714.1091	674.91815	443	12201210212011
NA	NA	165.0	1083.2545	919.62726	443	00210021222221
NA	NA	166.0	1025.3334	1026.762	443	10212001110211
NA	NA	167.0	1409.5975	716.6707	443	20222210211020
NA	NA	168.0	1780.6694	1170.2288	443	12211221221112
NA	NA	169.0	1200.9474	1451.8948	443	20122012111010
NA	NA	170.0	672.93256	1474.7753	443	01211211202010
NA	NA	171.0	1242.7246	719.49274	443	20020020010000
NA	NA	172.0	703.8	1374.7545	443	12102021101020
NA	NA	173.0	1154.1177	1618.6765	443	02210212112212
NA	NA	174.0	1136.8969	908.2857	443	10221021122221
NA	NA	175.0	1216.2461	1006.9077	443	11120022122222
NA	NA	176.0	755.19104	1931.9551	443	10101011211212
NA	NA	177.0	882.56335	1574.0704	443	21212112222121
NA	NA	178.0	1615.0731	1066.4634	443	21222120211120
NA	NA	179.0	1649.4911	1213.4822	443	22202202122122
NA	NA	180.0	1414.1333	608.3444	443	12111200101120
NA	NA	181.0	1671.8468	891.63965	443	21202220212222
NA	NA	182.0	1604.0366	1159.0731	443	02121202122222
NA	NA	183.0	1629.6666	871.8246	443	10212010102122
NA	NA	184.0	1000.14703	608.36273	443	22111021101211
NA	NA	185.0	1642.75	1528.784	443	22102122202121
NA	NA	186.0	876.0396	724.63367	443	21110121122121
NA	NA	187.0	1097.6517	1879.3036	443	21101121102212
NA	NA	188.0	1045.707	1695.2828	443	22102002202220
NA	NA	189.0	1504.183	490.2073	443	12101120111001
NA	NA	190.0	1546.7181	1068.091	443	01111111100010
NA	NA	191.0	673.0102	1795.4592	443	20212101112021
NA	NA	192.0	1309.2612	450.9189	443	11020100010201
NA	NA	193.0	1734.0605	880.0101	443	00101020202020
NA	NA	194.0	1231.4108	1054.6072	443	00111012021211
NA	NA	195.0	767.07526	1818.0107	443	11101211102121
NA	NA	196.0	1632.3158	1936.6184	443	21002101000101
NA	NA	197.0	1760.15	781.59	443	02001110102020
NA	NA	198.0	1632.6052	1976.8948	443	00001011001100
NA	NA	199.0	1417.944	1168.232	443	10201010202020
NA	NA	200.0	852.6055	918.9358	443	01211112222212
NA	NA	201.0	1187.8202	969.51685	443	20122021122010
NA	NA	202.0	1022.7561	1744.9756	443	21001001000000
NA	NA	203.0	1845.25	1588.1608	443	12101120101010
NA	NA	204.0	1153.1531	1574.4387	443	21211122202121
NA	NA	205.0	1325.3628	1501.9509	443	12121022221212
NA	NA	206.0	1466.3661	1578.5892	443	21102222221111
NA	NA	207.0	1121.6342	1322.2073	443	02000212021222
NA	NA	208.0	1670.7543	1946.1694	443	10002010202112
NA	NA	209.0	1119.6781	1929.6666	443	10200221122120
NA	NA	210.0	727.7527	1016.6022	443	20222001201121
NA	NA	211.0	1506.4937	542.9367	443	02121200120112
NA	NA	212.0	620.0769	916.9231	443	20122100001011
NA	NA	213.0	838.875	449.875	443	12211100202110
NA	NA	214.0	1302.2706	757.8588	443	00120110022212
NA	NA	215.0	1570.8643	1367.0864	443	00200022202010
NA	NA	216.0	1026.7949	982.02563	443	10212102122221
NA	NA	217.0	1662.1837	844.2755	443	01010100000002
NA	NA	218.0	991.58655	1944.3557	443	00202000101020
NA	NA	219.0	1039.9341	462.56042	443	21022100211212
NA	NA	220.0	1777.5538	717.0154	443	22201220222020
NA	NA	221.0	1425.5204	1514.9187	443	21022002120101
NA	NA	222.0	1958.9056	1268.5283	443	22102200202020
NA	NA	223.0	1296.4375	389.9271	443	12002210121212
NA	NA	224.0	744.5294	1854.1765	443	21001211000101
NA	NA	225.0	1875.664	1601.2	443	12102201102020
NA	NA	226.0	1639.1327	659.2959	443	10211010212122
NA	NA	227.0	1274.2467	877.7273	443	21222112221222
NA	NA	228.0	1430.125	1054.1923	443	22112202222222
NA	NA	229.0	1547.8229	499.91666	443	02200210121212
NA	NA	230.0	763.8823	913.5647	443	20120021000000
NA	NA	231.0	632.4176	1769.4506	443	10212010202020
NA	NA	232.0	940.73334	733.3778	443	01210022121211
NA	NA	233.0	1135.5056	1093.5056	443	10222011202010
NA	NA	234.0	1079.0254	827.8305	443	01010112021202
NA	NA	235.0	1256.1414	1807.9799	443	20102020202010
NA	NA	236.0	1136.6364	1274.6818	443	22202202221220
NA	NA	237.0	1395.09	468.25	443	02122210121020
NA	NA	238.0	1608.2476	1371.6931	443	20202201201010
NA	NA	239.0	1721.0438	742.2895	443	12212220222020
NA	NA	240.0	1363.2405	1087.519	443	12221212222222
NA	NA	241.0	1535.2872	1135.766	443	10222021212110
NA	NA	242.0	715.8295	1049.2614	443	21122021212121
NA	NA	243.0	963.7	1689.66	443	02000102000202
NA	NA	244.0	321.75757	1058.5657	443	10202010100010
NA	NA	245.0	1610.987	1196.4286	443	11221211212010
NA	NA	246.0	1247.8197	756.0164	443	10021010211120
NA	NA	247.0	1484.2115	2032.7115	443	02200102112122
NA	NA	248.0	443.55072	831.88403	443	10202010202120
NA	NA	249.0	611.0135	1680.9459	443	21020021020202
NA	NA	250.0	1136.4952	1411.5048	443	02000102102020
NA	NA	251.0	1951.2476	1071.703	443	00100010111112
NA	NA	252.0	807.5	963.21875	443	10211121212021
NA	NA	253.0	1159.5579	1509.0316	443	02221212122212
NA	NA	254.0	892.4459	803.5	443	00221101111111
NA	NA	255.0	1242.7041	1201.971	443	01201011102010
NA	NA	256.0	1281.1527	1444.8887	443	00100020102010
NA	NA	257.0	1852.8875	1200.2273	443	20102010202020
NA	NA	258.0	1855.7839	858.3563	443	10102000102010
NA	NA	259.0	787.63403	1261.405	443	20102020201010
NA	NA	260.0	1747.5248	1569.8285	443	10101010101010
NA	NA	261.0	592.43335	1731.065	443	10201010201010
NA	NA	262.0	891.4599	607.7027	443	00101000101010
NA	NA	263.0	1700.6066	1045.9266	443	00201000201010
NA	NA	264.0	736.9743	1107.5729	443	00100010001010
NA	NA	265.0	1569.876	926.1497	443	10201000201020
NA	NA	266.0	1559.7723	1846.0962	443	10101010101010
NA	NA	267.0	1903.119	1633.5453	443	00000000000000
NA	NA	268.0	1702.5254	616.83	443	20002000202020
NA	NA	269.0	944.6095	1396.7917	443	10100020101010
NA	NA	270.0	1722.5574	1803.6486	443	10102010201020
NA	NA	271.0	698.2052	894.46265	443	00202010201010
NA	NA	272.0	1289.229	794.9478	443	10201010202020
NA	NA	273.0	800.63257	1532.9144	443	20202020202020
NA	NA	274.0	1486.6005	1707.6492	443	00101020201010
NA	NA	275.0	1525.4371	1902.0431	443	00001010101010
NA	NA	276.0	717.87036	1209.988	443	20101010201010
NA	NA	277.0	1115.0929	2030.7974	443	20000020102020
NA	NA	278.0	945.8874	1893.1635	443	00000020000000
NA	NA	279.0	1493.2557	1671.9927	443	10201020201010
NA	NA	280.0	1191.6459	1938.4005	443	10000020201010
NA	NA	281.0	940.5718	657.67236	443	10202000201010
NA	NA	282.0	1740.2972	1141.7642	443	10102010201020
NA	NA	283.0	1733.479	1092.1737	443	10202000201020
NA	NA	284.0	860.73364	531.905	443	20202000101010
NA	NA	285.0	717.25995	1171.0436	443	20202020202020
NA	NA	286.0	1537.4336	1926.5176	443	10101010101010
NA	NA	287.0	1084.6843	1434.1119	443	20201020202020
NA	NA	288.0	1279.1748	1603.4327	443	00000020100000
NA	NA	289.0	1800.0515	1091.7346	443	00000000200000
NA	NA	290.0	1193.577	1964.9142	443	00000010201010
NA	NA	291.0	803.1129	1306.3071	443	10000020000000
NA	NA	292.0	861.58344	991.85986	443	00200020101010
NA	NA	293.0	1515.5637	1319.1301	443	10102020201020
NA	NA	294.0	745.6079	1143.1073	443	00100010101010
NA	NA	295.0	797.23114	1852.7522	443	00100010101010
NA	NA	296.0	1074.1083	873.46265	443	20201020202010
NA	NA	297.0	665.5097	1130.5084	443	20101010200000
NA	NA	298.0	1433.9974	804.8215	443	20201020201010
NA	NA	299.0	842.46295	1844.0546	443	10101020202020
NA	NA	300.0	1082.2196	1321.2771	443	20102020201020
NA	NA	301.0	847.97107	1255.1855	443	20202020201010
NA	NA	302.0	869.61053	561.81976	443	00202000100000
NA	NA	303.0	1007.72296	496.9525	443	20202010202020
NA	NA	304.0	946.657	1328.951	443	20102020201010
NA	NA	305.0	1475.2649	453.22385	443	20002000102020
NA	NA	306.0	1770.7303	1707.5073	443	20001010000000
NA	NA	307.0	1173.0107	1112.0146	443	10101020200010
NA	NA	308.0	1460.706	925.45233	443	10202010202020
NA	NA	309.0	1368.0999	1923.9069	443	00000020000000
NA	NA	310.0	516.8889	1694.7222	443	00000010101010
NA	NA	311.0	1296.332	1055.6342	443	10102010201010
NA	NA	312.0	1441.336	688.752	443	20202000202020
NA	NA	313.0	1705.2673	1712.1954	443	10102000101010
NA	NA	314.0	1926.2076	1483.3379	443	20001000000000
NA	NA	315.0	1117.2863	1241.2986	443	20202020202020
NA	NA	316.0	805.7967	1933.1127	443	10101020202020
NA	NA	317.0	1066.3851	1541.4911	443	20101020202020
NA	NA	318.0	1703.8472	820.1005	443	20102000101000
NA	NA	319.0	1203.4261	714.12	443	10202000201010
NA	NA	320.0	865.6362	1537.3583	443	10101020102010
NA	NA	321.0	1945.6078	1031.0348	443	00000000001020
NA	NA	322.0	669.205	1291.4017	443	20000020000000
NA	NA	323.0	970.3585	1089.304	443	20002020202020
NA	NA	324.0	1456.0911	755.0056	443	20202020202010
NA	NA	325.0	586.71027	631.2194	443	20201000102020
NA	NA	326.0	929.22253	1229.3916	443	20101020202020
NA	NA	327.0	1352.9591	1536.7	443	10201020200000
NA	NA	328.0	1744.8011	1409.7997	443	20101010000000
NA	NA	329.0	277.94333	1203.2578	443	00000000000000
NA	NA	330.0	610.05664	607.78613	443	20200000200000
NA	NA	331.0	1534.0312	1363.939	443	10101020202010
NA	NA	332.0	1537.8575	541.5812	443	20202000201010
NA	NA	333.0	1117.2758	1965.1871	443	10002020102020
NA	NA	334.0	711.4878	1081.1539	443	00201010101010
NA	NA	335.0	1963.9885	1100.0115	443	00000000101020
NA	NA	336.0	1431.2291	728.17145	443	10202010202020
NA	NA	337.0	986.73553	770.96387	443	20102020000000
NA	NA	338.0	675.3087	554.9551	443	00000000000000
NA	NA	339.0	1192.7678	1388.2046	443	20000020000000
NA	NA	340.0	1793.685	1201.894	443	10201010102020
NA	NA	341.0	818.6009	1209.962	443	20200020202020
NA	NA	342.0	1403.6676	980.55493	443	10202010202020
NA	NA	343.0	1566.407	1731.1683	443	10202020201010
NA	NA	344.0	608.2317	1708.1951	443	10101010202010
NA	NA	345.0	1233.7548	924.93536	443	10201010102020
NA	NA	346.0	1274.6794	1326.2112	443	20100020000000
NA	NA	347.0	1585.154	1882.1674	443	20102020201010
NA	NA	348.0	1691.9392	936.3793	443	20001000000000
NA	NA	349.0	614.25964	803.1706	443	00101010102020
NA	NA	350.0	1810.7433	881.40656	443	20101010102020
NA	NA	351.0	1099.8286	1217.462	443	20202020202020
NA	NA	352.0	1890.5693	1454.7168	443	20002000000000
NA	NA	353.0	1920.1327	1299.6766	443	20001000000000
NA	NA	354.0	706.8864	1906.0927	443	00000010001020
NA	NA	355.0	1848.5375	1487.4926	443	20001010100000
NA	NA	356.0	1095.7687	1194.0868	443	20202020202010
NA	NA	357.0	909.31604	1170.6183	443	00200020102020
NA	NA	358.0	654.5402	1877.7755	443	00100010000000
NA	NA	359.0	839.2368	1189.8839	443	10100020101010
NA	NA	360.0	1608.6145	1909.3809	443	20102010201010
NA	NA	361.0	978.2217	1398.5271	443	10000020100010
NA	NA	362.0	815.4829	518.4503	443	20101000000000
NA	NA	363.0	1106.3851	1049.5575	443	00200020001010
NA	NA	364.0	1484.6569	568.6056	443	20202010202020
NA	NA	365.0	1499.0559	1411.7174	443	00100010100000
NA	NA	366.0	1811.5668	1037.9891	443	10001010202020
NA	NA	367.0	1350.7092	514.5179	443	20202010102020
NA	NA	368.0	1340.1744	812.75543	443	10202020202010
NA	NA	369.0	1912.8658	1434.9719	443	10002000000000
NA	NA	370.0	1042.2468	1638.1907	443	20000010100000
NA	NA	371.0	676.3549	1598.6956	443	00100020201010
NA	NA	372.0	802.19464	667.1519	443	10101000002020
NA	NA	373.0	501.73853	776.27734	443	10100000102020
NA	NA	374.0	1488.7496	945.51984	443	20201010202020
NA	NA	375.0	1762.9761	1364.7914	443	10002010000000
NA	NA	376.0	1460.8131	1064.6326	443	20202010201020
NA	NA	377.0	1564.0432	719.3936	443	10202010101020
NA	NA	378.0	342.4936	994.08655	443	00000000000000
NA	NA	379.0	866.81805	1226.3043	443	20101020100010
NA	NA	380.0	1741.0161	719.6349	443	20201000201020
NA	NA	381.0	916.3931	629.8809	443	10202010102020
NA	NA	382.0	1673.4551	1319.7324	443	20202020000000
NA	NA	383.0	959.1863	1293.598	443	10101020201010
NA	NA	384.0	973.4967	1551.232	443	00001020001000
NA	NA	385.0	1300.5964	1223.719	443	20202020202020
NA	NA	386.0	607.0066	1791.6699	443	10100010000000
NA	NA	387.0	1866.7747	1353.8536	443	20002000000000
NA	NA	388.0	1817.1848	1738.1205	443	20001000000000
NA	NA	389.0	1332.005	776.28906	443	10201000102010
NA	NA	390.0	632.875	574.73334	443	10000000102020
NA	NA	391.0	530.2872	1725.4891	443	00100010201010
NA	NA	392.0	989.35284	1748.5117	443	20102020202020
NA	NA	393.0	1110.5889	676.79364	443	00201000102020
NA	NA	394.0	1122.6588	2008.0454	443	10000020001010
NA	NA	395.0	1249.6437	904.13947	443	10200010202020
NA	NA	396.0	643.9259	1525.5101	443	10201010201010
NA	NA	397.0	1307.3558	1336.8701	443	10100020001000
NA	NA	398.0	1598.9814	954.2934	443	20201010201010
NA	NA	399.0	1931.393	1362.0203	443	20000000000000
NA	NA	400.0	858.45605	1510.1418	443	00101020202010
NA	NA	401.0	948.6723	250.40202	443	00000000000000
NA	NA	402.0	1876.7225	1531.7157	443	20000000200000
NA	NA	403.0	984.91187	1312.2152	443	10100020101010
NA	NA	404.0	1534.1443	1714.1069	443	20202020201020
NA	NA	405.0	1619.3469	801.21936	443	10202010102020
NA	NA	406.0	1672.9949	1637.327	443	00001010000010
NA	NA	407.0	1797.536	806.3801	443	10000000001000
NA	NA	408.0	312.56604	1254.1921	443	00000000000000
NA	NA	409.0	394.42538	1514.4768	443	10002020202020
NA	NA	410.0	742.9005	1068.4476	443	10202020101020
NA	NA	411.0	1243.379	1109.4133	443	20101020201010
NA	NA	412.0	870.02405	883.08765	443	00201010201020
NA	NA	413.0	385.1638	1543.0724	443	00001000002020
NA	NA	414.0	1093.715	1539.145	443	00100020201010
NA	NA	415.0	999.7903	648.0	443	20202010202020
NA	NA	416.0	1490.8024	1735.5581	443	00000020001010
NA	NA	417.0	1662.4939	1759.3241	443	20002020101020
NA	NA	418.0	1991.8544	1248.967	443	20000000000000
NA	NA	419.0	1019.2656	751.566	443	20101000000000
NA	NA	420.0	730.6452	1235.5774	443	20202020202010
NA	NA	421.0	1127.6122	1631.8418	443	10200020102010
NA	NA	422.0	1453.4469	1511.2626	443	20201020102010
NA	NA	423.0	799.94403	464.4458	443	10102000001020
NA	NA	424.0	1295.993	1280.951	443	20201020000000
NA	NA	425.0	827.9825	1781.0928	443	00100010001010
NA	NA	426.0	1235.3993	389.2382	443	20001000000000
NA	NA	427.0	1329.0052	2033.8	443	00000010000000
NA	NA	428.0	1459.4	1541.2737	443	00101020201010
NA	NA	429.0	1561.1267	1906.1708	443	00100010201010
NA	NA	430.0	1159.1958	902.9736	443	00200010202010
NA	NA	431.0	835.0265	1750.4487	443	00100010001010
NA	NA	432.0	852.5911	1085.7576	443	20200010200000
NA	NA	433.0	867.8759	1377.2146	443	20000020000000
NA	NA	434.0	1197.6923	1993.6422	443	20002020202020
NA	NA	435.0	1225.1091	840.06085	443	00200010202010
NA	NA	436.0	675.39496	987.2244	443	20200000000000
NA	NA	437.0	843.67145	473.60144	443	10202000101010
NA	NA	438.0	1106.1508	1379.8743	443	20002020000000
NA	NA	439.0	1456.2299	1680.6732	443	10101020201010
NA	NA	440.0	1083.1798	468.97302	443	20201010201020
NA	NA	441.0	1258.9022	1178.9836	443	20201020201010
NA	NA	442.0	1502.2137	1964.6703	443	20102020102010
NA	NA	443.0	613.2182	1985.7163	443	00000000000000
NA	NA	444.0	1752.4673	1805.4691	443	10102010102020
NA	NA	445.0	1536.9071	1223.1458	443	10102010101010
NA	NA	446.0	1807.561	1772.816	443	20101000002020
NA	NA	447.0	837.05475	1873.8011	443	00001010101020
NA	NA	448.0	1024.4178	1366.7408	443	20200020102000
NA	NA	449.0	1613.0934	1746.9524	443	20102020201010
NA	NA	450.0	933.5651	960.08075	443	20200020200010
NA	NA	451.0	1136.6526	1534.9945	443	10201020102010
NA	NA	452.0	1215.941	944.151	443	00201010101010
NA	NA	453.0	1800.0571	1599.5322	443	20002020000000
NA	NA	454.0	1072.1919	1981.9133	443	10001020202020
NA	NA	455.0	727.22	1732.1276	443	00001010001010
NA	NA	456.0	1193.4806	1298.7875	443	20200020200000
NA	NA	457.0	1051.5426	846.14813	443	10202010201010
NA	NA	458.0	820.4991	846.28015	443	00200010102020
NA	NA	459.0	1213.4935	2018.7273	443	10001020102020
NA	NA	460.0	1568.4619	966.25604	443	20101010200010
NA	NA	461.0	947.8234	1650.054	443	00102020102000
NA	NA	462.0	1168.671	1668.2361	443	20101020101020
NA	NA	463.0	1293.8193	530.2011	443	00201000102020
NA	NA	464.0	1181.4916	1591.8972	443	20101020102020
NA	NA	465.0	1063.2809	1829.8483	443	00000010001010
NA	NA	466.0	1684.2135	1354.2397	443	20002020100000
NA	NA	467.0	975.19324	949.38275	443	00201010101010
NA	NA	468.0	1358.317	555.4484	443	20102010202020
NA	NA	469.0	908.453	1050.2858	443	00101020101020
NA	NA	470.0	1221.3384	1159.6316	443	10101020201010
NA	NA	471.0	1363.4022	1057.703	443	00202010201010
NA	NA	472.0	1784.2312	945.4041	443	00200000100010
NA	NA	473.0	1203.6234	1911.6798	443	20001020101010
NA	NA	474.0	381.11133	1977.8	443	00000000000000
NA	NA	475.0	764.9943	1019.14557	443	00200020201020
NA	NA	476.0	874.48584	437.69186	443	10000000001020
NA	NA	477.0	1447.6686	1222.2122	443	00100010000000
NA	NA	478.0	1930.5247	997.84033	443	10000000002010
NA	NA	479.0	1738.0476	1680.739	443	00001000000000
NA	NA	480.0	332.4332	721.9351	443	00000000000000
NA	NA	481.0	1707.3782	1467.7505	443	10001010000000
NA	NA	482.0	1763.873	1047.3961	443	00101000202020
NA	NA	483.0	1172.305	1531.2336	443	10101020201010
NA	NA	484.0	804.6453	1385.5834	443	20000010000000
NA	NA	485.0	826.47095	987.4186	443	00201010101010
NA	NA	486.0	1772.0446	1100.0504	443	10102000201010
NA	NA	487.0	1146.1748	493.18448	443	00100000000000
NA	NA	488.0	1256.1107	502.2893	443	10201000102020
NA	NA	489.0	1719.8887	1113.7188	443	20202020202020
NA	NA	490.0	1329.6576	1552.3033	443	20102020202020
NA	NA	491.0	1191.2177	812.77844	443	00102010102010
NA	NA	492.0	1827.7568	1348.7079	443	20002010000000
NA	NA	493.0	1864.9941	1677.4117	443	10001000000000
NA	NA	494.0	1801.6503	1440.4381	443	20102020000000
NA	NA	495.0	823.6398	1969.6141	443	00000020102020
NA	NA	496.0	1183.4016	854.92914	443	10200010202010
NA	NA	497.0	605.4714	1352.4852	443	20000010000000
NA	NA	498.0	1554.3597	1543.0929	443	20000020000000
NA	NA	499.0	1396.322	1536.8707	443	00200020101010
NA	NA	500.0	251.72655	341.0898	443	00000000000000
NA	NA	501.0	942.636	1614.752	443	20101020102020
NA	NA	502.0	1178.388	656.884	443	20102010202020
NA	NA	503.0	1830.124	1637.312	443	10002010000000
NA	NA	504.0	1075.9739	1501.7028	443	20102020202020
NA	NA	505.0	1380.6224	1476.9658	443	10200020201010
NA	NA	506.0	1306.6862	1455.0624	443	10101020101020
NA	NA	507.0	1903.5775	995.72235	443	10001010102020
NA	NA	508.0	1153.6674	147.37299	443	00000000000000
NA	NA	509.0	1296.3932	1099.6351	443	00201010101010
NA	NA	510.0	1712.2909	1010.6889	443	20102010100000
NA	NA	511.0	1640.1599	1062.8077	443	20202010201020
NA	NA	512.0	921.27234	1202.9044	443	00000010000000
NA	NA	513.0	1240.4166	2018.2378	443	00000020102020
NA	NA	514.0	1473.0549	2004.6769	443	10102020002020
NA	NA	515.0	1705.624	978.11786	443	20000000000000
NA	NA	516.0	532.0306	1376.6884	443	20102020201000
NA	NA	517.0	1138.7694	1460.2694	443	20101020001000
NA	NA	518.0	1553.2367	661.7061	443	20002010202020
NA	NA	519.0	1766.1123	1617.9225	443	00002000000000
NA	NA	520.0	876.19836	583.4765	443	10200010102010
NA	NA	521.0	1234.8727	780.63245	443	10200010201010
NA	NA	522.0	579.4091	659.22107	443	20101000101010
NA	NA	523.0	1125.0144	1987.1384	443	10000010100010
NA	NA	524.0	1531.657	577.3058	443	20202010202020
NA	NA	525.0	708.58594	1690.5859	443	00100020102020
NA	NA	526.0	1558.323	1952.1656	443	10100010202020
NA	NA	527.0	938.79254	385.57468	443	00000000000000
NA	NA	528.0	555.7954	1349.856	443	20002010100000
NA	NA	529.0	1146.5887	965.20874	443	00201010202010
NA	NA	530.0	1460.167	473.75366	443	10102000100000
NA	NA	531.0	1382.2385	1423.9833	443	20000020100000
NA	NA	532.0	1299.7443	1310.0272	443	20101020000000
NA	NA	533.0	595.3256	1826.813	443	20002010102020
NA	NA	534.0	607.4538	1455.8718	443	10101010000000
NA	NA	535.0	749.6358	631.3979	443	20102010002020
NA	NA	536.0	1077.0612	503.00632	443	10201000102020
NA	NA	537.0	827.9852	1345.112	443	20002010200000
NA	NA	538.0	1387.353	593.19025	443	20202010102020
NA	NA	539.0	1539.3743	1688.4122	443	10102010100010
NA	NA	540.0	897.61865	829.77545	443	00201010201010
NA	NA	541.0	897.7542	1113.9364	443	10101020102020
NA	NA	542.0	1805.2944	1797.911	443	10101010102020
NA	NA	543.0	1948.8047	1178.5542	443	00001000001020
NA	NA	544.0	1615.7468	1229.0575	443	10201010001000
NA	NA	545.0	1783.8635	1333.7527	443	20002010000000
NA	NA	546.0	1780.9915	868.50745	443	10001000102010
NA	NA	547.0	1855.606	1394.3555	443	00002000000000
NA	NA	548.0	836.764	1387.3842	443	20101020000000
NA	NA	549.0	1726.2039	640.7425	443	20000000102020
NA	NA	550.0	1329.9698	958.9828	443	00201020101020
NA	NA	551.0	1350.8077	653.162	443	20101000202020
NA	NA	552.0	1631.7295	541.4156	443	10001000202020
NA	NA	553.0	74.16269	955.14966	443	00000000000000
NA	NA	554.0	633.53577	826.0911	443	10101010102020
NA	NA	555.0	877.87854	1143.2646	443	10101020101010
NA	NA	556.0	1582.9935	1920.4174	443	10102010101010
NA	NA	557.0	1921.75	1050.9348	443	10001010102020
NA	NA	558.0	1073.756	957.75165	443	00100010001010
NA	NA	559.0	1364.8562	493.03268	443	20202000101020
NA	NA	560.0	852.29913	1765.5502	443	10100020102020
NA	NA	561.0	1584.7227	701.10046	443	20202000202020
NA	NA	562.0	1072.2473	1174.4092	443	20101020202020
NA	NA	563.0	1511.5176	1113.2324	443	00200010100010
NA	NA	564.0	650.0637	1604.9517	443	00100010001010
NA	NA	565.0	1507.3187	804.4022	443	00000000000000
NA	NA	566.0	1790.4857	1572.3912	443	10002010000000
NA	NA	567.0	1380.6696	1499.2004	443	10201020201010
NA	NA	568.0	602.05963	1383.4238	443	10102020000000
NA	NA	569.0	1387.3665	938.5452	443	10001010201020
NA	NA	570.0	1279.927	897.7876	443	10202010201020
NA	NA	571.0	1510.8739	1565.4226	443	10002010000000
NA	NA	572.0	761.3222	656.9733	443	00101010000010
NA	NA	573.0	682.71936	657.3096	443	00000000000000
NA	NA	574.0	932.5638	1059.4094	443	00100020101020
NA	NA	575.0	1061.1029	1453.9285	443	20102020201010
NA	NA	576.0	1076.8323	1148.4385	443	10202020202020
NA	NA	577.0	925.78253	1679.6973	443	20100020101010
NA	NA	578.0	960.3498	1857.6278	443	00000010000000
NA	NA	579.0	1055.3588	1048.1816	443	00201020202020
NA	NA	580.0	1308.6996	854.54706	443	00201010101010
NA	NA	581.0	783.5236	1946.3303	443	00000010102020
NA	NA	582.0	823.9775	492.6036	443	10101000001010
NA	NA	583.0	1682.1711	1404.9235	443	20001010000000
NA	NA	584.0	577.9684	1347.158	443	20102020100000
NA	NA	585.0	1578.595	1637.1063	443	20001020000000
NA	NA	586.0	901.64624	423.15192	443	20000000000010
NA	NA	587.0	1018.0181	1249.3334	443	00000010000000
NA	NA	588.0	1805.0454	1388.1882	443	10002000000000
NA	NA	589.0	1899.8186	1504.6917	443	10000000000000
NA	NA	590.0	1393.1522	430.06137	443	20102000101010
NA	NA	591.0	576.10297	1756.0183	443	00101010101000
NA	NA	592.0	1063.1213	1068.0	443	00201020101010
NA	NA	593.0	1974.5011	1379.6536	443	20002000000000
NA	NA	594.0	469.68054	1102.206	443	00000000000000
NA	NA	595.0	1498.75	1508.1204	443	20100010100000
NA	NA	596.0	781.0255	73.85383	443	00000000000000
NA	NA	597.0	783.2442	1051.4302	443	20100020202020
NA	NA	598.0	814.3349	1071.028	443	00100020101000
NA	NA	599.0	964.47675	2039.2977	443	00000010000000
NA	NA	600.0	1560.6349	1655.721	443	20000020000000
NA	NA	601.0	1563.7855	1417.2588	443	20102020202020
NA	NA	602.0	1883.6876	1400.7786	443	10002000000000
NA	NA	603.0	483.32712	115.399536	443	00000000000000
NA	NA	604.0	1338.5304	751.1332	443	00201000102020
NA	NA	605.0	1832.7056	794.8668	443	20000000101000
NA	NA	606.0	857.9016	1980.4052	443	00000020102020
NA	NA	607.0	1201.5387	838.5269	443	10201010201010
NA	NA	608.0	1720.2653	1509.6714	443	20100010001000
NA	NA	609.0	1691.5482	1650.0142	443	00102010001000
NA	NA	610.0	1161.7971	1201.3514	443	20202020200000
NA	NA	611.0	1892.9363	970.625	443	00101000101010
NA	NA	612.0	1851.4137	1282.4965	443	20002010000000
NA	NA	613.0	585.5308	1442.0166	443	10100010101000
NA	NA	614.0	1059.8081	1128.7938	443	10201020202020
NA	NA	615.0	756.0452	1254.8452	443	20100020201010
NA	NA	616.0	1207.15	2040.1453	443	00000010101010
NA	NA	617.0	1951.9403	1317.6707	443	20001000000000
NA	NA	618.0	1112.7057	975.69617	443	10201020202020
NA	NA	619.0	1150.2057	383.42584	443	10001000201010
NA	NA	620.0	1189.2201	2015.7393	443	00001020102010
NA	NA	621.0	923.06714	1107.5708	443	00002020102020
NA	NA	622.0	1759.9928	1473.2399	443	00000000000000
NA	NA	623.0	1760.0863	1505.9113	443	20001010000000
NA	NA	624.0	1887.4677	1555.3909	443	20000000000000
NA	NA	625.0	860.68677	490.58554	443	20102000102020
NA	NA	626.0	1083.5387	1852.0049	443	10002010100010
NA	NA	627.0	1297.6731	1513.1113	443	20201020202020
NA	NA	628.0	1314.1235	810.661	443	00201010101010
NA	NA	629.0	1865.949	203.73302	443	00000000000000
NA	NA	630.0	1943.6359	1579.8641	443	10000000000000
NA	NA	631.0	1181.6982	1810.5669	443	00001020100010
NA	NA	632.0	409.88998	279.9022	443	00000000000000
NA	NA	633.0	49.122547	1760.2059	443	00002000000000
NA	NA	634.0	876.17645	959.9461	443	00102020202020
NA	NA	635.0	1329.0367	1459.8774	443	10102020202020
NA	NA	636.0	1032.6355	1053.463	443	00201020202020
NA	NA	637.0	997.8642	1071.9333	443	00100020101020
NA	NA	638.0	1140.0594	1793.1807	443	10101020202020
NA	NA	639.0	1004.2308	1406.402	443	20102020202020
NA	NA	640.0	772.995	1230.5547	443	20102020202020
NA	NA	641.0	1359.8955	1116.1766	443	10201020102020
NA	NA	642.0	1066.5461	1868.0275	443	10101020102020
NA	NA	643.0	1649.8125	1332.4325	443	10102010000000
NA	NA	644.0	591.6382	1407.1282	443	20100020000000
NA	NA	645.0	1293.289	1475.7814	443	20102020102020
NA	NA	646.0	1985.3375	1672.4434	443	00000000000000
NA	NA	647.0	927.38226	689.6886	443	00200000101010
NA	NA	648.0	1525.6202	1517.3925	443	20201020200000
NA	NA	649.0	564.0635	1728.2639	443	10101010101010
NA	NA	650.0	1122.5051	1154.698	443	20201020000000
NA	NA	651.0	1368.6827	1668.1752	443	10000010000000
NA	NA	652.0	1452.6421	140.2132	443	00000000000000
NA	NA	653.0	1939.934	1556.0837	443	10000000000000
NA	NA	654.0	1827.4733	1433.8651	443	10002000000000
NA	NA	655.0	691.5357	920.2398	443	00202010101010
NA	NA	656.0	1422.2067	763.9847	443	10201010202020
NA	NA	657.0	666.4103	683.4718	443	00000000000000
NA	NA	658.0	1048.1774	426.7378	443	00201000001010
NA	NA	659.0	621.9897	974.92523	443	00100000000010
NA	NA	660.0	1037.5334	817.57733	443	00201010102010
NA	NA	661.0	1465.0334	706.57733	443	10102010102020
NA	NA	662.0	1575.8479	1760.6934	443	10202020201010
NA	NA	663.0	1606.8763	58.822166	443	00000000000000
NA	NA	664.0	1168.1917	1303.4792	443	20100020100000
NA	NA	665.0	1821.2823	614.3912	443	00000000000000
NA	NA	666.0	1170.2208	453.3922	443	10202010102020
NA	NA	667.0	659.3812	1689.9739	443	00100010000010
NA	NA	668.0	1301.6945	319.97128	443	00000000000000
NA	NA	669.0	775.7979	499.66403	443	20101000000000
NA	NA	670.0	1281.5249	1359.9213	443	20001020000000
NA	NA	671.0	1308.9342	1082.4684	443	00201020100020
NA	NA	672.0	1648.5079	556.27106	443	10001000102020
NA	NA	673.0	618.36676	1830.5593	443	10002010101010
NA	NA	674.0	997.8971	1018.7599	443	00100010000010
NA	NA	675.0	903.8069	908.08203	443	00201010001010
NA	NA	676.0	1625.8889	960.6984	443	20102010202010
NA	NA	677.0	915.1989	1078.8064	443	10101020102020
NA	NA	678.0	1083.6755	1820.2793	443	10101020101010
NA	NA	679.0	1864.5905	632.69684	443	00000000000000
NA	NA	680.0	1961.9573	1486.4694	443	00000000000000
NA	NA	681.0	562.4144	1558.516	443	10200010201010
NA	NA	682.0	1923.879	1322.1398	443	20002010000000
NA	NA	683.0	1378.0647	1561.434	443	10100020100000
NA	NA	684.0	1369.3513	1317.9891	443	20100020001000
NA	NA	685.0	1595.3	1007.56213	443	20002020002000
NA	NA	686.0	681.2466	1860.6721	443	10101010201010
NA	NA	687.0	1127.5908	1588.5935	443	20201020102020
NA	NA	688.0	1069.799	1627.1359	443	10000020002010
NA	NA	689.0	1722.1984	1563.443	443	00100000100010
NA	NA	690.0	697.8338	1297.0626	443	10000010000000
NA	NA	691.0	449.3142	1641.306	443	00000000000000
NA	NA	692.0	1336.7781	1180.5205	443	00101020101010
NA	NA	693.0	1217.8297	798.61536	443	20202010202010
NA	NA	694.0	1358.8705	1476.2094	443	20202020202020
NA	NA	695.0	552.0803	1384.1469	443	20100020101000
NA	NA	696.0	1856.9695	1715.3601	443	10000000000000
NA	NA	697.0	1716.2722	1374.7195	443	20002000000000
NA	NA	698.0	921.6648	1453.8157	443	10102020101010
NA	NA	699.0	965.8212	1626.31	443	00100020002000
NA	NA	700.0	1600.3994	6.3687153	443	00000000000000
NA	NA	701.0	1232.1714	1693.0533	443	00000020000000
NA	NA	702.0	1430.9438	1365.1686	443	10000020000000
NA	NA	703.0	1903.7079	1236.2837	443	20002000000000
NA	NA	704.0	1213.5239	1283.8113	443	20101020000000
NA	NA	705.0	1144.7119	868.7401	443	10201020202020
NA	NA	706.0	1235.7175	1137.8955	443	10201020201010
NA	NA	707.0	1557.1243	409.04236	443	00000000000000
NA	NA	708.0	1087.541	523.42773	443	00101000101010
NA	NA	709.0	1982.864	1323.609	443	10002000000000
NA	NA	710.0	997.94604	1329.9318	443	20102020202020
NA	NA	711.0	947.55585	1256.4441	443	20200020201020
NA	NA	712.0	688.57184	1100.6666	443	20202020102000
NA	NA	713.0	975.37933	505.5	443	00100010000000
NA	NA	714.0	1312.8271	409.98846	443	10100000202020
NA	NA	715.0	1153.896	1921.3815	443	10102020100000
NA	NA	716.0	1743.8376	1455.8058	443	20002010000000
NA	NA	717.0	674.9564	1236.3605	443	20001010000000
NA	NA	718.0	1677.0933	1710.3965	443	00100010000010
NA	NA	719.0	1706.5277	1846.105	443	20002020102020
NA	NA	720.0	1127.8534	956.5249	443	00201010001010
NA	NA	721.0	1721.15	1060.7971	443	00201000201010
NA	NA	722.0	1259.2389	1984.3923	443	00000020101000
NA	NA	723.0	1787.0737	1456.6755	443	20002020000000
NA	NA	724.0	1671.6035	1815.9645	443	20002020102020
NA	NA	725.0	564.4315	1588.5834	443	00100010201010
NA	NA	726.0	1210.391	1730.3552	443	00000010000000
NA	NA	727.0	1489.3463	644.6269	443	10202000201020
NA	NA	728.0	1559.5529	1032.2628	443	20100000000000
NA	NA	729.0	1642.9331	1095.921	443	10102020201010
NA	NA	730.0	1813.2103	1014.1951	443	10002000202020
NA	NA	731.0	960.10736	1061.0675	443	00100020101010
NA	NA	732.0	744.70276	2015.0248	443	00000000000000
NA	NA	733.0	935.40247	1426.7523	443	10001020100010
NA	NA	734.0	1092.8075	1675.5372	443	10100020001000
NA	NA	735.0	1738.4486	840.38007	443	20101020100000
NA	NA	736.0	1016.4219	478.19687	443	10202000102020
NA	NA	737.0	766.77985	2025.4434	443	00000000000000
NA	NA	738.0	512.8248	1400.672	443	20102020101000
NA	NA	739.0	1452.9713	578.4395	443	20200000101000
NA	NA	740.0	1610.9873	514.78345	443	20001000001010
NA	NA	741.0	1740.3961	1506.4856	443	20001020000000
NA	NA	742.0	1842.2108	1304.4888	443	10002000100000
NA	NA	743.0	580.5897	1259.0897	443	00000000000000
NA	NA	744.0	1702.1154	1766.9263	443	10101010201010
NA	NA	745.0	861.15436	781.0611	443	00200010201010
NA	NA	746.0	179.0	1111.5	443	00000000000000
NA	NA	747.0	1891.5194	1423.4517	443	10000000000000
NA	NA	748.0	1100.2266	1900.3365	443	00002010000010
NA	NA	749.0	1376.1586	793.3722	443	20202020202020
NA	NA	750.0	1255.14	1086.7981	443	10101010200000
NA	NA	751.0	1833.0394	822.9211	443	10001000002010
NA	NA	752.0	1344.5643	450.9604	443	20202020202020
NA	NA	753.0	1970.5874	1402.6633	443	20002010000000
NA	NA	754.0	797.9735	741.99335	443	20202010102020
NA	NA	755.0	1908.7152	694.86426	443	00000000000000
NA	NA	756.0	558.97345	145.58139	443	00000000000000
NA	NA	757.0	1375.23	145.48	443	00000000000000
NA	NA	758.0	1938.1333	1390.9634	443	20002000000000
NA	NA	759.0	855.0705	106.781876	443	00000000000000
NA	NA	760.0	1930.6141	553.55707	443	00000000000000
NA	NA	761.0	937.9259	1270.4209	443	20102020201020
NA	NA	762.0	650.5236	697.7162	443	00000000000000
NA	NA	763.0	1279.7601	419.83783	443	10102000102010
NA	NA	764.0	626.6644	1479.0712	443	10100000000000
NA	NA	765.0	1408.9323	782.9898	443	10201010202020
NA	NA	766.0	1443.0614	2028.4266	443	20002020002020
NA	NA	767.0	1427.9966	460.41925	443	10100000000000
NA	NA	768.0	1804.5276	1157.7137	443	00101000201020
NA	NA	769.0	699.0761	1810.8339	443	10002000100000
NA	NA	770.0	1435.5121	1969.6782	443	00000000000000
NA	NA	771.0	1812.4808	1323.5366	443	10001000000000
NA	NA	772.0	2036.0941	373.18466	443	00000000000000
NA	NA	773.0	1049.7042	2042.2113	443	10000020202020
NA	NA	774.0	241.35689	1382.4877	443	00000000000000
NA	NA	775.0	1443.7067	1954.5406	443	20001010100000
NA	NA	776.0	1380.725	776.5893	443	10202010102020
NA	NA	777.0	1858.3715	1327.5286	443	20002000000000
NA	NA	778.0	856.043	857.19354	443	00200010101010
NA	NA	779.0	1841.2914	1461.7302	443	20002000000000
NA	NA	780.0	669.96027	707.94586	443	00000000000000
NA	NA	781.0	1008.8556	1087.5018	443	00201020102020
NA	NA	782.0	722.82544	1385.0582	443	20001010000000
NA	NA	783.0	1502.3517	1943.7179	443	10000010202020
NA	NA	784.0	1755.7279	1435.2537	443	20000000000000
NA	NA	785.0	1787.2354	763.52576	443	20002000000000
NA	NA	786.0	1748.3431	1827.7749	443	10001010102020
NA	NA	787.0	1134.0519	1213.7148	443	20201020000000
NA	NA	788.0	1877.312	1637.624	443	10000000000000
NA	NA	789.0	822.4302	907.10187	443	00201020202020
NA	NA	790.0	1348.9962	469.2	443	20202000201020
NA	NA	791.0	698.9659	534.49243	443	20001000002020
NA	NA	792.0	1633.3939	1243.3372	443	00101000000000
NA	NA	793.0	1344.365	1513.0076	443	10202020101010
NA	NA	794.0	531.3027	1660.7701	443	00001010000010
NA	NA	795.0	1392.7539	2010.6423	443	00000010000000
NA	NA	796.0	1914.3822	1555.2896	443	20002000000000
NA	NA	797.0	92.39922	1154.345	443	00000000000000
NA	NA	798.0	1907.9183	1585.4863	443	20000000000000
NA	NA	799.0	678.3164	1878.7109	443	20100020001000
NA	NA	800.0	1427.625	2040.7148	443	10001010201010
NA	NA	801.0	1920.4141	968.0039	443	10001000102020
NA	NA	802.0	1201.6641	1065.0118	443	00102020102020
NA	NA	803.0	1701.6813	1081.3625	443	10201010201010
NA	NA	804.0	1564.904	1872.076	443	10101020102020
NA	NA	805.0	1683.253	626.51	443	20000000100000
NA	NA	806.0	940.31177	1957.6923	443	00000000000000
NA	NA	807.0	1470.7032	1018.7236	443	20002000200000
NA	NA	808.0	686.0735	953.7306	443	20202010201000
NA	NA	809.0	905.75916	659.46533	443	00200000100000
NA	NA	810.0	953.74695	941.5184	443	00201020102020
NA	NA	811.0	1337.6434	1594.3976	443	10002020102000
NA	NA	812.0	1415.7778	480.7037	443	20201000001000
NA	NA	813.0	384.166	623.15765	443	00000000000000
NA	NA	814.0	1537.6224	1501.8464	443	20201010000000
NA	NA	815.0	571.5292	1417.1917	443	20000010000000
NA	NA	816.0	784.62604	734.18066	443	00202000000010
NA	NA	817.0	1687.4537	1725.9958	443	10102010101020
NA	NA	818.0	1824.8362	773.0	443	20002000001000
NA	NA	819.0	515.7173	1671.3586	443	00001010001020
NA	NA	820.0	1030.0338	704.8776	443	20101000000000
NA	NA	821.0	1821.0548	375.61182	443	00000000000000
NA	NA	822.0	1567.3813	689.1568	443	10100000102010
NA	NA	823.0	1776.517	1313.3474	443	00001000000000
NA	NA	824.0	675.71796	116.81624	443	00000000000000
NA	NA	825.0	22.39738	1521.4236	443	00000000000000
NA	NA	826.0	697.87335	686.2926	443	00000020000000
NA	NA	827.0	1088.469	2041.9248	443	10000020002020
NA	NA	828.0	1328.9956	435.9646	443	20202000202020
NA	NA	829.0	1303.0938	1133.8928	443	00100010001010
NA	NA	830.0	1602.8899	982.45874	443	10101010101020
NA	NA	831.0	1459.1014	526.02765	443	20100000000000
NA	NA	832.0	1273.7222	1088.7361	443	10100010000000
NA	NA	833.0	1151.9954	1478.6884	443	10100020202010
NA	NA	834.0	1891.1776	136.76636	443	00000000000000
NA	NA	835.0	1940.3192	1409.986	443	20002000000000
NA	NA	836.0	1911.8019	1257.4387	443	20000000000000
NA	NA	837.0	1016.1244	863.06696	443	00200010000000
NA	NA	838.0	886.761	1168.1854	443	00101020101010
NA	NA	839.0	1144.4878	935.8878	443	10201020202020
NA	NA	840.0	1368.1029	1388.8578	443	00002020000000
NA	NA	841.0	806.7931	1332.8522	443	20000010000000
NA	NA	842.0	1777.3645	1401.9951	443	20000010100000
NA	NA	843.0	2029.7612	881.4179	443	00000000000000
NA	NA	844.0	1938.1909	792.40704	443	00000000000000
NA	NA	845.0	1849.8959	1252.3281	443	20102000000000
NA	NA	846.0	2001.3386	299.14816	443	00000000000000
NA	NA	847.0	2041.5134	1007.8823	443	00000000000000
NA	NA	848.0	1657.5215	1831.4247	443	20002020001020
NA	NA	849.0	1784.7473	1142.4463	443	10201000201020
NA	NA	850.0	1985.8702	1300.4595	443	20002000000000
NA	NA	851.0	1320.6464	1032.6575	443	00201010100010
NA	NA	852.0	1376.6299	1769.3922	443	00000010000000
NA	NA	853.0	1360.4445	1368.6888	443	00002020001000
NA	NA	854.0	1892.8556	1675.6167	443	00000000000000
NA	NA	855.0	1383.2402	1734.1062	443	00000010000000
NA	NA	856.0	1810.3503	778.8192	443	20002000101000
NA	NA	857.0	4.257143	1728.68	443	00002000000000
NA	NA	858.0	347.46857	807.65717	443	00000000000000
NA	NA	859.0	1354.9429	1951.1428	443	00000010000000
NA	NA	860.0	1534.0857	624.9886	443	20101000202020
NA	NA	861.0	1380.2413	1529.3219	443	00100020200000
NA	NA	862.0	1165.0872	846.98834	443	10101020201010
NA	NA	863.0	1588.3497	971.68097	443	10102000200010
NA	NA	864.0	1703.6748	879.53375	443	20102000000000
NA	NA	865.0	1725.5901	1870.3665	443	20002020102020
NA	NA	866.0	844.3187	574.89374	443	10100000000000
NA	NA	867.0	701.3419	1116.4968	443	20100020202000
NA	NA	868.0	1008.3046	843.3775	443	00202010000000
NA	NA	869.0	1661.7279	973.5374	443	20102010000000
NA	NA	870.0	458.73972	909.8219	443	00000000000000
NA	NA	871.0	1411.8835	1197.0205	443	00000000000000
NA	NA	872.0	342.31723	946.7724	443	00000000000000
NA	NA	873.0	1622.8896	766.5931	443	10102000101010
NA	NA	874.0	1754.618	1191.0	443	10100010200000
NA	NA	875.0	1757.5105	840.7063	443	20000020101000
NA	NA	876.0	1842.0428	577.8929	443	00000000000000
NA	NA	877.0	1948.7285	529.2643	443	00000000000000
NA	NA	878.0	791.0217	545.34784	443	20100000000000
NA	NA	879.0	1713.9927	1206.9124	443	20002010100000
NA	NA	880.0	544.7427	1545.4779	443	00100010001010
NA	NA	881.0	1534.4701	878.1791	443	20102020202020
NA	NA	882.0	956.44696	1598.1515	443	20101020102020
NA	NA	883.0	1473.6565	1824.0077	443	00000010000010
NA	NA	884.0	1977.0403	1438.0242	443	00000000000000
NA	NA	885.0	732.6087	1766.7478	443	00000010000000
NA	NA	886.0	1340.4956	1743.4521	443	00000010000000
NA	NA	887.0	891.614	1257.5702	443	10101020101010
NA	NA	888.0	2.3944955	1670.055	443	00000000000000
NA	NA	889.0	1428.5278	1018.35187	443	20202010000000
NA	NA	890.0	1311.2991	1196.3645	443	10102020202010
NA	NA	891.0	800.4623	1350.8208	443	20002020200000
NA	NA	892.0	1504.2736	1605.783	443	10001010100000
NA	NA	893.0	1316.3564	1159.8218	443	00101010201010
NA	NA	894.0	928.10205	214.94897	443	00000000000000
NA	NA	895.0	2036.5	530.0	443	00000000000000
NA	NA	896.0	1814.6774	979.957	443	00000000100000
NA	NA	897.0	637.5165	1261.3187	443	00000000000000
NA	NA	898.0	800.32965	937.25275	443	00200020101010
NA	NA	899.0	1844.3837	902.02325	443	10100000102020
NA	NA	900.0	1847.0	522.0	443	00000000000000
NA	NA	901.0	1547.7028	993.82434	443	00000000000000
NA	NA	902.0	1675.6143	1055.9286	443	20202020101020
NA	NA	903.0	112.85294	948.9559	443	00000000000000
NA	NA	904.0	1399.6912	742.7059	443	00202000101010
NA	NA	905.0	603.3939	1046.2878	443	00000000000000
